0.000955163709775127,-0.000624261847766755,0.00086375035102852,-3.30395151419499E-05,0.000410611215325499,0.00034399152455465,0.000158888484604941,0.000214657604672641,0.000264115514095019,2.03481693548545E-07,-9.91284175050559E-08,-2.09286709767215E-07,-2.86556524606652E-08,-9.91733950099999E-08,0,0,0,0,0,0,0,0
-0.000624261847766753,0.00136875597991318,-0.000608567106566053,-4.00788761284565E-05,0.000308719964524306,0.000280653824680532,0.000121755579357975,0.000202473450229042,0.000170875403642352,7.08800276320525E-08,7.4256473066174E-09,1.12228474832948E-09,6.50494188182934E-08,1.20342516891877E-08,0,0,0,0,0,0,0,0
0.000863750351028519,-0.000608567106566056,0.000969129810204362,-7.50244058789015E-05,0.000400061271041605,0.000397057440299671,0.00016125602015651,0.000324623860015998,0.00017946201286687,-3.25531069343563E-08,1.33795618707549E-07,2.41563792689716E-07,2.15496473685004E-07,1.46801603276739E-07,0,0,0,0,0,0,0,0
-3.30395151419567E-05,-4.00788761284616E-05,-7.50244058789094E-05,0.000947860000237752,-0.00101944246588411,0.000439546997613246,-2.69923901680276E-05,-8.61627749719132E-05,-3.6339412542804E-06,-3.3696616582512E-10,8.91399446789173E-08,-7.91186365782006E-08,2.25972426055041E-09,8.58532621277944E-08,0,0,0,0,0,0,0,0
0.000410611215325509,0.00030871996452431,0.000400061271041617,-0.0010194424658841,0.00164469807225106,-8.35647523025185E-05,0.000219656282052016,0.000341541171465789,0.000327966983521686,-8.91218747078275E-08,1.28991523476435E-07,-9.20847565372362E-08,-8.52713841644041E-08,4.67413330023977E-08,0,0,0,0,0,0,0,0
0.000343991524554646,0.000280653824680526,0.000397057440299669,0.000439546997613257,-8.35647523025366E-05,0.000867340667498192,0.000197484535617029,0.000370934532322081,0.000241869003673528,-6.38114497274569E-08,-3.5763656545702E-08,4.79076682500733E-08,-6.47862354945235E-08,-9.03544318084735E-08,0,0,0,0,0,0,0,0
0.000158888484604941,0.000121755579357975,0.000161256020156511,-2.69923901680241E-05,0.000219656282052011,0.000197484535617031,0.00106621621754345,-0.000408812079618679,-0.000312180200758725,2.48909421034261E-09,-1.04933327754072E-08,-1.30263247810214E-08,3.54140212956068E-09,3.10021805926885E-08,0,0,0,0,0,0,0,0
0.000214657604672642,0.00020247345022904,0.000324623860015999,-8.61627749719067E-05,0.000341541171465779,0.000370934532322084,-0.000408812079618679,0.00153236311180738,-0.000542201453086106,9.40043638542188E-09,-1.77011510364193E-08,-3.37781693315117E-08,3.57729874686029E-09,5.46545354381347E-08,0,0,0,0,0,0,0,0
0.000264115514095021,0.000170875403642351,0.000179462012866871,-3.63394125427507E-06,0.000327966983521681,0.000241869003673532,-0.000312180200758726,-0.000542201453086105,0.00133526856315805,-8.72133574556899E-10,-1.45181740864293E-08,-8.22842080507722E-09,6.88835514940705E-09,4.09376532348468E-08,0,0,0,0,0,0,0,0
2.03481693548542E-07,7.08800276320491E-08,-3.2553106934355E-08,-3.36966165824534E-10,-8.91218747078242E-08,-6.38114497274591E-08,2.48909421034159E-09,9.40043638542006E-09,-8.72133574555797E-10,3.78475030889389E-09,5.7030513963776E-10,6.39794940596656E-10,-1.1888618338604E-09,-5.57428922774777E-10,0,0,0,0,0,0,0,0
-9.91284175050539E-08,7.42564730661998E-09,1.33795618707552E-07,8.91399446789169E-08,1.28991523476441E-07,-3.57636565456974E-08,-1.04933327754043E-08,-1.77011510364135E-08,-1.451817408643E-08,5.70305139637768E-10,2.95559018976162E-09,1.44840293033959E-09,5.53743162931878E-10,3.37735278614466E-10,0,0,0,0,0,0,0,0
-2.09286709767219E-07,1.12228474832765E-09,2.41563792689713E-07,-7.91186365781994E-08,-9.20847565372389E-08,4.790766825007E-08,-1.30263247810233E-08,-3.37781693315143E-08,-8.22842080507791E-09,6.39794940596666E-10,1.44840293033959E-09,2.87257544088648E-09,6.07604455725838E-10,2.01145358490952E-10,0,0,0,0,0,0,0,0
-2.8655652460667E-08,6.50494188182901E-08,2.15496473685001E-07,2.25972426054959E-09,-8.52713841644086E-08,-6.47862354945256E-08,3.54140212955796E-09,3.5772987468584E-09,6.88835514940424E-09,-1.18886183386034E-09,5.53743162931893E-10,6.07604455725852E-10,3.78553412838662E-09,-5.7487682524904E-10,0,0,0,0,0,0,0,0
-9.91733950100005E-08,1.20342516891889E-08,1.46801603276738E-07,8.58532621277943E-08,4.67413330023961E-08,-9.03544318084754E-08,3.10021805926906E-08,5.46545354381397E-08,4.09376532348439E-08,-5.57428922774793E-10,3.37735278614477E-10,2.01145358490969E-10,-5.74876825249026E-10,2.95137341720699E-09,0,0,0,0,0,0,0,0
-2.79045221822088E-07,-4.38630697096211E-08,1.94575780828285E-07,-8.88197147946127E-08,-6.82911168082626E-08,7.90941591829297E-08,-2.78843370823209E-09,-1.74985760029482E-08,6.75831510905668E-09,-6.00387898932517E-10,2.0115617219814E-10,3.75008706750716E-10,-6.34656030715825E-10,1.45010302477488E-09,4.99118183817642E-09,0,0,0,0,0,0,0
4.73409069146196E-09,6.41126628158741E-09,1.26291741935584E-08,1.90307003156435E-07,2.16012395767219E-07,-1.19189537283731E-07,2.14613657604741E-08,4.66534838150006E-08,2.10220460268245E-08,-5.00153140477016E-10,4.7922720027752E-10,1.92977611034795E-11,-5.00652726871666E-10,-5.2127273867143E-10,0,4.99118183817642E-09,0,0,0,0,0,0
-1.79871826812088E-07,-5.58973213988127E-08,4.77741775515477E-08,-1.74672976922408E-07,-1.15032449810659E-07,1.69448590991404E-07,-3.37906143009231E-08,-7.21531114410889E-08,-3.41793381257867E-08,-4.29589761577154E-11,-1.36579106416335E-10,1.73863348259749E-10,-5.97792054668224E-11,-1.50127039243208E-09,0,0,4.99118183817642E-09,0,0,0,0,0
-9.3019580097907E-08,-7.49061559197787E-08,-1.0459727758807E-07,-2.63957546448352E-08,1.17403824550585E-07,1.22850552832054E-07,-3.56143262043996E-08,-6.47746940850875E-08,-4.53772991984317E-08,-4.82789531720282E-10,4.99596451365283E-10,-3.19022781576886E-12,-4.82714032585993E-10,-4.86405962282814E-10,0,0,0,4.99118183817642E-09,0,0,0,0
-8.64955741764885E-08,-7.2043161194722E-08,-1.03981247925323E-07,-1.62547324055199E-07,-7.67727709715302E-08,1.79527444936434E-07,-3.33730492640718E-08,-6.72122113367449E-08,-3.71167957245195E-08,-4.85211740423694E-10,5.14982956934679E-10,-1.62493577615984E-11,-4.84685546887685E-10,-4.73653689614446E-10,0,0,0,0,4.99118183817642E-09,0,0,0
-1.10158292262165E-07,-6.30336255829231E-09,1.07768173982161E-07,-1.68258581257116E-07,-2.2107628001368E-07,8.36713247957674E-08,-2.53299200561896E-09,-1.60770182951008E-08,6.28975328135212E-09,6.94898009588978E-11,-1.50718725942202E-09,1.42417251054689E-09,5.38612927939608E-11,-1.36589920123515E-10,0,0,0,0,0,4.99118183817642E-09,0,0
-9.55113270877134E-08,2.49919766007975E-08,1.79054013265576E-07,-1.00376505614974E-07,-1.70344876184256E-07,2.21678885813454E-08,-5.14164847785897E-10,-9.63880082586803E-09,6.56661278046361E-09,6.90311575102853E-10,-6.04491783075402E-11,-6.52548087605341E-10,6.70951610744968E-10,6.06975024520343E-11,0,0,0,0,0,0,4.99118183817642E-09,0
2.00578856120719E-07,6.59521153915943E-08,-4.30986583763614E-08,9.25981854932851E-08,1.97452570409957E-08,-1.19579082870472E-07,1.67825522604757E-08,3.88961292866982E-08,1.44363447085309E-08,6.653940604015E-10,-6.27492772642586E-11,-5.97619250207914E-10,6.83460197339632E-10,5.59544158080586E-11,0,0,0,0,0,0,0,4.99118183817642E-09
